Epoch: 100, Improvement: 0.488998%
Epoch: 400, Improvement: 0.276859%
